1 0.972656 0.220833 0.054688 0.405556
4 0.871094 0.853472 0.112500 0.234722
4 0.982031 0.886806 0.035937 0.184722
5 0.705469 0.670833 0.073437 0.216667
5 0.537891 0.625000 0.180469 0.377778
5 0.352734 0.712500 0.107031 0.188889
5 0.372266 0.458333 0.121094 0.119444
5 0.390234 0.231250 0.107031 0.159722
5 0.506250 0.199306 0.071875 0.176389
5 0.639453 0.207639 0.099219 0.181944
5 0.220313 0.378472 0.078125 0.079167
5 0.135156 0.574306 0.078125 0.126389
5 0.136719 0.818056 0.043750 0.288889
5 0.057031 0.791667 0.093750 0.130556
