4 0.896875 0.858333 0.117188 0.261111
1 0.985547 0.243056 0.028906 0.422222
5 0.722266 0.700000 0.099219 0.216667
5 0.570313 0.610417 0.164063 0.440278
5 0.372266 0.722222 0.105469 0.188889
5 0.455078 0.695139 0.038281 0.251389
5 0.389453 0.471528 0.116406 0.137500
5 0.404297 0.229861 0.105469 0.156944
5 0.524219 0.220833 0.068750 0.169444
5 0.651172 0.215972 0.103906 0.165278
5 0.225000 0.379167 0.082813 0.080556
5 0.151562 0.586111 0.073437 0.152778
5 0.162109 0.817361 0.047656 0.290278
5 0.079297 0.795139 0.094531 0.140278
