5 0.088672 0.561806 0.067969 0.140278
5 0.346094 0.186111 0.093750 0.152778
5 0.460938 0.172222 0.057813 0.163889
5 0.595312 0.177778 0.092188 0.161111
5 0.489453 0.605556 0.171094 0.336111
5 0.641016 0.652778 0.097656 0.188889
5 0.303516 0.704167 0.111719 0.202778
5 0.328516 0.443056 0.100781 0.136111
4 0.814453 0.842361 0.121094 0.281944
4 0.957031 0.875000 0.085938 0.225000
1 0.942187 0.207639 0.115625 0.381944
1 0.806641 0.147222 0.096094 0.208333
5 0.173828 0.367361 0.061719 0.090278
5 0.082422 0.808333 0.027344 0.288889
5 0.016797 0.781250 0.028906 0.234722
