6 0.024219 0.297222 0.043750 0.308333
6 0.068750 0.652083 0.054688 0.331944
6 0.136719 0.518750 0.032812 0.248611
5 0.280078 0.392361 0.067969 0.079167
5 0.215234 0.601389 0.072656 0.152778
5 0.241016 0.845833 0.058594 0.261111
5 0.134375 0.842361 0.062500 0.215278
5 0.466016 0.251389 0.097656 0.169444
5 0.581641 0.238889 0.074219 0.175000
5 0.718750 0.236111 0.096875 0.161111
5 0.451953 0.495833 0.097656 0.136111
5 0.441016 0.741667 0.108594 0.225000
5 0.526563 0.726389 0.035937 0.272222
5 0.651563 0.684028 0.151562 0.356944
5 0.797656 0.729861 0.082813 0.259722
4 0.960547 0.879167 0.078906 0.241667
4 0.891797 0.651389 0.027344 0.205556
1 0.968359 0.263194 0.061719 0.198611
