6 0.064453 0.268750 0.125781 0.431944
6 0.104687 0.747917 0.048437 0.351389
6 0.027734 0.770139 0.050781 0.443056
6 0.184766 0.665278 0.042969 0.197222
6 0.335547 0.216667 0.158594 0.330556
6 0.321875 0.771528 0.178125 0.456944
5 0.538672 0.323611 0.061719 0.097222
5 0.540625 0.422222 0.073437 0.055556
5 0.541797 0.565972 0.072656 0.193056
5 0.534375 0.845139 0.098438 0.276389
5 0.697656 0.832639 0.104687 0.276389
5 0.680469 0.609028 0.084375 0.079167
5 0.662500 0.510417 0.082813 0.068056
5 0.653516 0.412500 0.072656 0.069444
5 0.819141 0.181250 0.105469 0.204167
5 0.960547 0.145833 0.067969 0.158333
5 0.853125 0.461111 0.104687 0.161111
5 0.910937 0.754861 0.129688 0.284722
