5 0.707422 0.106250 0.142969 0.190278
5 0.858203 0.088194 0.105469 0.168056
5 0.983203 0.120833 0.033594 0.183333
5 0.960156 0.706250 0.078125 0.479167
5 0.710156 0.726389 0.159375 0.302778
5 0.849219 0.726389 0.053125 0.316667
5 0.704687 0.409722 0.151562 0.163889
5 0.444141 0.273611 0.072656 0.097222
5 0.542578 0.368056 0.086719 0.041667
5 0.525000 0.453472 0.101563 0.104167
5 0.517969 0.565278 0.096875 0.105556
5 0.490234 0.818056 0.108594 0.363889
5 0.337109 0.781250 0.085156 0.301389
5 0.394531 0.489583 0.078125 0.184722
5 0.410547 0.359028 0.057031 0.065278
6 0.167969 0.162500 0.143750 0.297222
6 0.098047 0.702083 0.169531 0.456944
6 0.260156 0.541667 0.042188 0.338889
6 0.313672 0.468056 0.046094 0.144444
