5 0.970703 0.261806 0.058594 0.154167
5 0.805078 0.447222 0.078906 0.061111
5 0.824609 0.545139 0.094531 0.076389
5 0.861328 0.647222 0.102344 0.072222
5 0.903516 0.860417 0.092969 0.270833
5 0.747266 0.863889 0.092969 0.255556
5 0.739062 0.607639 0.034375 0.168056
6 0.550391 0.300000 0.133594 0.286111
6 0.571484 0.804167 0.180469 0.391667
6 0.289453 0.340278 0.180469 0.350000
6 0.426172 0.658333 0.033594 0.288889
6 0.224609 0.808333 0.207031 0.383333
7 0.109375 0.285417 0.115625 0.268056
6 0.048437 0.819444 0.096875 0.313889
5 0.703516 0.370139 0.033594 0.093056
5 0.992188 0.462500 0.015625 0.138889
