6 0.039063 0.295139 0.078125 0.318056
6 0.158594 0.512500 0.035937 0.244444
6 0.092188 0.627083 0.046875 0.270833
5 0.297656 0.396528 0.065625 0.087500
5 0.235938 0.595833 0.073437 0.155556
5 0.157422 0.855556 0.053906 0.236111
5 0.262500 0.836111 0.059375 0.294444
5 0.470703 0.504861 0.105469 0.145833
5 0.464844 0.747917 0.106250 0.206944
5 0.676562 0.690972 0.153125 0.356944
5 0.753125 0.236806 0.101563 0.148611
5 0.613672 0.240278 0.083594 0.141667
5 0.535937 0.322917 0.003125 0.015278
5 0.483984 0.246528 0.096094 0.154167
5 0.828125 0.718750 0.082813 0.212500
4 0.929688 0.650694 0.029687 0.168056
4 0.981641 0.889583 0.036719 0.220833
