6 0.202734 0.154861 0.139844 0.287500
6 0.170703 0.729167 0.188281 0.491667
6 0.051172 0.565972 0.025781 0.279167
5 0.468750 0.251389 0.082813 0.105556
5 0.460156 0.363889 0.082813 0.038889
5 0.444141 0.512500 0.083594 0.183333
5 0.410156 0.814583 0.103125 0.315278
5 0.567969 0.820139 0.112500 0.323611
5 0.583203 0.558333 0.086719 0.094444
5 0.578906 0.452083 0.065625 0.070833
5 0.758203 0.400694 0.128906 0.159722
5 0.795703 0.720833 0.153906 0.325000
5 0.933984 0.690972 0.063281 0.293056
5 0.986719 0.585417 0.026563 0.304167
5 0.914063 0.093750 0.101563 0.159722
5 0.739062 0.087500 0.123438 0.147222
