7 0.145313 0.302778 0.121875 0.250000
6 0.326953 0.359722 0.199219 0.347222
6 0.056250 0.775694 0.109375 0.309722
6 0.268359 0.806944 0.207031 0.380556
6 0.584766 0.329861 0.128906 0.298611
6 0.602344 0.788889 0.173438 0.405556
5 0.982813 0.289583 0.034375 0.162500
5 0.850781 0.558333 0.081250 0.075000
5 0.882813 0.665278 0.096875 0.075000
5 0.933984 0.865972 0.077344 0.262500
5 0.781250 0.868750 0.101563 0.262500
5 0.767969 0.620833 0.020312 0.163889
5 0.829297 0.464583 0.078906 0.062500
7 0.017578 0.322222 0.033594 0.227778
