6 0.172656 0.155556 0.137500 0.300000
6 0.122656 0.725694 0.182812 0.468056
6 0.273438 0.670139 0.034375 0.259722
6 0.332031 0.505556 0.032812 0.200000
5 0.450391 0.256944 0.071094 0.100000
5 0.548828 0.343056 0.083594 0.050000
5 0.547266 0.439583 0.097656 0.093056
5 0.549609 0.554861 0.114844 0.098611
5 0.530469 0.805556 0.125000 0.341667
5 0.372656 0.812500 0.096875 0.336111
5 0.416016 0.488194 0.092969 0.201389
5 0.432031 0.350694 0.084375 0.048611
5 0.721094 0.103472 0.142188 0.181944
5 0.885938 0.086111 0.114063 0.141667
5 0.733984 0.390278 0.139844 0.163889
5 0.978516 0.649306 0.042969 0.437500
5 0.749609 0.727083 0.169531 0.343056
