5 0.643750 0.134028 0.118750 0.204167
5 0.805078 0.124306 0.107031 0.212500
5 0.942969 0.141667 0.103125 0.222222
5 0.910547 0.686111 0.177344 0.511111
5 0.646094 0.441667 0.140625 0.161111
5 0.661328 0.747917 0.144531 0.312500
5 0.779297 0.753472 0.053906 0.293056
5 0.410547 0.299306 0.077344 0.090278
5 0.360156 0.523611 0.085938 0.186111
5 0.439063 0.828472 0.104687 0.343056
5 0.291016 0.815972 0.075781 0.248611
5 0.466016 0.581944 0.091406 0.091667
5 0.480859 0.468056 0.085156 0.094444
5 0.497656 0.386806 0.073437 0.068056
6 0.128516 0.172222 0.128906 0.322222
6 0.072266 0.735417 0.138281 0.443056
6 0.219141 0.568056 0.047656 0.355556
6 0.286328 0.453472 0.022656 0.268056
