5 0.539453 0.176389 0.102344 0.194444
5 0.673047 0.168750 0.082031 0.187500
5 0.811328 0.186806 0.103906 0.198611
5 0.743359 0.655556 0.194531 0.408333
5 0.926562 0.702083 0.079687 0.226389
5 0.518359 0.710417 0.124219 0.234722
5 0.525391 0.463194 0.100781 0.145833
5 0.328125 0.343750 0.064062 0.087500
5 0.263672 0.550000 0.078906 0.144444
5 0.315234 0.831944 0.066406 0.297222
5 0.186719 0.834722 0.073437 0.236111
6 0.044922 0.221528 0.089844 0.340278
6 0.183984 0.521528 0.046094 0.159722
6 0.115234 0.604861 0.044531 0.359722
