6 0.161719 0.161806 0.140625 0.312500
6 0.108594 0.715972 0.178125 0.479167
6 0.266016 0.543750 0.044531 0.356944
6 0.321875 0.475694 0.040625 0.209722
5 0.403516 0.492361 0.078906 0.198611
5 0.346484 0.806250 0.089844 0.270833
5 0.503906 0.828472 0.118750 0.343056
5 0.525391 0.553472 0.100781 0.104167
5 0.526172 0.437500 0.077344 0.097222
5 0.445313 0.263889 0.075000 0.105556
5 0.544531 0.352778 0.085938 0.058333
5 0.706250 0.099306 0.137500 0.168056
5 0.875000 0.088194 0.125000 0.151389
5 0.719141 0.384722 0.144531 0.183333
5 0.737500 0.718750 0.156250 0.323611
5 0.865234 0.720139 0.039844 0.329167
5 0.962500 0.665278 0.068750 0.483333
