6 0.049609 0.204167 0.094531 0.341667
6 0.125391 0.601389 0.044531 0.322222
6 0.184375 0.522917 0.046875 0.137500
5 0.327734 0.332639 0.077344 0.095833
5 0.389453 0.497222 0.071094 0.072222
5 0.369141 0.590972 0.080469 0.079167
5 0.269922 0.540972 0.075781 0.154167
5 0.327344 0.812500 0.071875 0.311111
5 0.201172 0.816667 0.058594 0.308333
5 0.543750 0.160417 0.107813 0.187500
5 0.686328 0.134028 0.094531 0.168056
5 0.828125 0.149306 0.114063 0.168056
5 0.539844 0.436806 0.128125 0.137500
5 0.534375 0.720139 0.121875 0.237500
5 0.635547 0.720139 0.038281 0.273611
5 0.775391 0.663889 0.185156 0.436111
5 0.945313 0.677778 0.082813 0.241667
