6 0.040625 0.291667 0.081250 0.330556
6 0.105859 0.643056 0.053906 0.288889
6 0.166406 0.570833 0.039063 0.169444
5 0.308984 0.392361 0.066406 0.084722
5 0.251563 0.589583 0.076563 0.165278
5 0.179688 0.841667 0.060938 0.208333
5 0.290234 0.852778 0.060156 0.294444
5 0.492969 0.754861 0.117188 0.209722
5 0.587500 0.742361 0.031250 0.245833
5 0.712109 0.688194 0.153906 0.393056
5 0.875391 0.736111 0.082031 0.288889
5 0.494922 0.493056 0.113281 0.152778
5 0.503516 0.226389 0.105469 0.194444
5 0.634375 0.212500 0.087500 0.177778
5 0.768750 0.213194 0.112500 0.176389
