7 0.024219 0.333333 0.045313 0.238889
7 0.173438 0.315972 0.112500 0.234722
6 0.068359 0.753472 0.133594 0.254167
6 0.293750 0.806250 0.190625 0.354167
6 0.344141 0.384028 0.164844 0.373611
6 0.477344 0.686806 0.029687 0.276389
6 0.605078 0.340278 0.139844 0.283333
6 0.628906 0.797222 0.173438 0.380556
5 0.867188 0.565278 0.070313 0.086111
5 0.900391 0.674306 0.099219 0.073611
5 0.950000 0.860417 0.092188 0.245833
5 0.795313 0.875694 0.098438 0.223611
5 0.787500 0.635417 0.025000 0.181944
5 0.845703 0.473611 0.074219 0.052778
5 0.989062 0.304167 0.021875 0.163889
