5 0.838672 0.183333 0.100781 0.169444
5 0.971484 0.167361 0.055469 0.123611
5 0.875781 0.457639 0.085938 0.162500
5 0.943750 0.730556 0.112500 0.258333
5 0.557031 0.331250 0.065625 0.084722
5 0.557422 0.423611 0.055469 0.055556
5 0.563672 0.575694 0.074219 0.195833
5 0.563281 0.850000 0.106250 0.288889
5 0.720312 0.848611 0.106250 0.291667
5 0.698047 0.613889 0.083594 0.091667
5 0.682813 0.508333 0.068750 0.069444
5 0.676562 0.414583 0.071875 0.043056
6 0.361328 0.235417 0.135156 0.331944
6 0.352734 0.770833 0.166406 0.422222
6 0.217578 0.663889 0.050781 0.205556
6 0.085547 0.283333 0.171094 0.438889
6 0.142578 0.752083 0.050781 0.376389
6 0.043359 0.779167 0.078906 0.430556
