6 0.253906 0.172222 0.170312 0.311111
6 0.219922 0.747917 0.171094 0.468056
6 0.089062 0.647917 0.039063 0.234722
6 0.025391 0.254861 0.041406 0.354167
6 0.024219 0.743750 0.043750 0.337500
5 0.455078 0.827778 0.096094 0.338889
5 0.615234 0.828472 0.103906 0.343056
5 0.615625 0.584722 0.078125 0.088889
5 0.473047 0.536806 0.080469 0.170833
5 0.605469 0.472222 0.070313 0.077778
5 0.609766 0.384028 0.080469 0.065278
5 0.491016 0.300694 0.057031 0.090278
5 0.766406 0.124306 0.121875 0.204167
5 0.922656 0.102083 0.100000 0.181944
5 0.785156 0.434028 0.112500 0.168056
5 0.830469 0.738194 0.146875 0.298611
5 0.974609 0.725000 0.050781 0.266667
