5 0.967969 0.622917 0.062500 0.443056
5 0.875000 0.085417 0.112500 0.154167
5 0.980859 0.121528 0.038281 0.206944
5 0.710547 0.096528 0.135156 0.165278
5 0.724219 0.386806 0.150000 0.165278
5 0.744531 0.721528 0.160938 0.306944
5 0.445313 0.253472 0.073437 0.104167
5 0.430469 0.350694 0.076563 0.054167
5 0.408984 0.497917 0.091406 0.198611
5 0.360938 0.802778 0.093750 0.250000
5 0.512891 0.824306 0.127344 0.343056
5 0.533984 0.554861 0.102344 0.106944
5 0.537109 0.436806 0.085156 0.090278
5 0.545313 0.346528 0.076563 0.065278
6 0.169922 0.165278 0.150781 0.325000
6 0.114844 0.724306 0.176563 0.493056
6 0.276172 0.544444 0.042969 0.358333
6 0.329688 0.493056 0.028125 0.230556
