6 0.189844 0.152778 0.129688 0.291667
6 0.148438 0.727778 0.192188 0.458333
6 0.293359 0.661806 0.047656 0.198611
6 0.350391 0.499306 0.030469 0.165278
5 0.457812 0.254861 0.076563 0.095833
5 0.441406 0.357639 0.079687 0.070833
5 0.434375 0.497222 0.085938 0.180556
5 0.396094 0.806250 0.095312 0.309722
5 0.553516 0.818056 0.124219 0.350000
5 0.563672 0.552083 0.103906 0.093056
5 0.555078 0.439583 0.089844 0.084722
5 0.562109 0.347222 0.080469 0.061111
5 0.734375 0.093750 0.140625 0.173611
5 0.895312 0.085417 0.107813 0.154167
5 0.745313 0.392361 0.145313 0.162500
5 0.787500 0.709028 0.165625 0.306944
5 0.983203 0.597917 0.033594 0.351389
5 0.914063 0.709722 0.046875 0.300000
