6 0.094531 0.177083 0.134375 0.337500
6 0.055469 0.739583 0.110937 0.468056
6 0.187891 0.565972 0.046094 0.343056
6 0.252734 0.434722 0.030469 0.283333
5 0.262109 0.828472 0.058594 0.343056
5 0.407813 0.828472 0.104687 0.323611
5 0.445703 0.582639 0.074219 0.098611
5 0.461719 0.474306 0.085938 0.101389
5 0.394531 0.300694 0.082813 0.093056
5 0.364453 0.391667 0.083594 0.052778
5 0.335547 0.526389 0.082031 0.177778
5 0.624219 0.126389 0.126563 0.191667
5 0.776953 0.118056 0.113281 0.211111
5 0.927344 0.122222 0.126563 0.205556
5 0.905859 0.678472 0.188281 0.509722
5 0.623828 0.738194 0.139844 0.293056
5 0.619531 0.427778 0.115625 0.172222
5 0.744922 0.747222 0.050781 0.316667
