6 0.103516 0.277083 0.188281 0.437500
6 0.387109 0.238194 0.146094 0.318056
6 0.060156 0.780556 0.118750 0.438889
6 0.380859 0.779167 0.172656 0.430556
6 0.247266 0.663194 0.050781 0.234722
6 0.176563 0.772917 0.057813 0.337500
5 0.578906 0.320139 0.060938 0.081944
5 0.584766 0.565278 0.069531 0.186111
5 0.589844 0.846528 0.106250 0.306944
5 0.748828 0.837500 0.128906 0.311111
5 0.725000 0.612500 0.095312 0.086111
5 0.702734 0.509722 0.078906 0.083333
5 0.859766 0.193056 0.110156 0.147222
5 0.893359 0.461806 0.111719 0.137500
5 0.952734 0.722917 0.094531 0.245833
