5 0.806250 0.173611 0.114063 0.230556
5 0.957422 0.159028 0.074219 0.168056
5 0.837500 0.459722 0.109375 0.161111
5 0.887109 0.756944 0.132031 0.288889
5 0.675781 0.830556 0.104687 0.305556
5 0.516016 0.845139 0.094531 0.273611
5 0.523828 0.570833 0.078906 0.205556
5 0.666406 0.602778 0.093750 0.086111
5 0.644141 0.494444 0.088281 0.063889
5 0.523438 0.321528 0.067188 0.084722
6 0.321875 0.200000 0.145313 0.341667
6 0.291797 0.772917 0.163281 0.454167
6 0.056641 0.268056 0.108594 0.397222
6 0.076953 0.743750 0.046094 0.379167
6 0.158984 0.660417 0.047656 0.206944
