5 0.885938 0.210417 0.098438 0.195833
5 0.921875 0.456944 0.082813 0.188889
5 0.976172 0.715278 0.047656 0.247222
5 0.771094 0.839583 0.117188 0.273611
5 0.609766 0.840972 0.102344 0.293056
5 0.608984 0.577778 0.067969 0.202778
5 0.744141 0.610417 0.082031 0.079167
5 0.725000 0.506250 0.067188 0.084722
5 0.707031 0.414583 0.067188 0.054167
5 0.597266 0.338889 0.052344 0.080556
6 0.417188 0.237500 0.135937 0.336111
6 0.417188 0.771528 0.170312 0.456944
6 0.279297 0.668750 0.058594 0.201389
6 0.130469 0.263889 0.215625 0.394444
6 0.207813 0.737500 0.045313 0.386111
6 0.081641 0.756944 0.161719 0.480556
