6 0.167578 0.159028 0.139844 0.290278
6 0.095312 0.695139 0.151562 0.418056
6 0.253516 0.531944 0.044531 0.341667
6 0.308203 0.489583 0.047656 0.206944
5 0.440625 0.273611 0.076563 0.100000
5 0.394922 0.509722 0.092969 0.177778
5 0.331250 0.763194 0.110937 0.243056
5 0.476953 0.824306 0.113281 0.351389
5 0.507031 0.568750 0.101563 0.093056
5 0.516016 0.465278 0.088281 0.086111
5 0.535156 0.365972 0.081250 0.056944
5 0.696094 0.122222 0.132813 0.211111
5 0.855469 0.110417 0.110937 0.204167
5 0.971094 0.137500 0.050000 0.241667
5 0.692187 0.412500 0.151562 0.180556
5 0.710938 0.746528 0.160938 0.306944
5 0.835938 0.733333 0.060938 0.300000
5 0.939844 0.696528 0.110937 0.465278
