4 0.951563 0.652083 0.040625 0.181944
4 0.989844 0.876389 0.020312 0.213889
5 0.690625 0.690278 0.159375 0.383333
5 0.850391 0.725694 0.086719 0.212500
5 0.480859 0.764583 0.113281 0.226389
5 0.575000 0.750000 0.034375 0.241667
5 0.483594 0.502083 0.115625 0.134722
5 0.497656 0.240278 0.104687 0.152778
5 0.623438 0.240278 0.084375 0.152778
5 0.762109 0.240972 0.113281 0.151389
5 0.303125 0.397222 0.068750 0.086111
5 0.241406 0.602778 0.081250 0.130556
5 0.276953 0.862500 0.063281 0.261111
5 0.170703 0.844444 0.072656 0.191667
6 0.040625 0.306944 0.081250 0.302778
6 0.104297 0.645833 0.052344 0.313889
6 0.160156 0.602778 0.045313 0.188889
