5 0.959766 0.246528 0.080469 0.165278
5 0.977344 0.478472 0.045313 0.137500
5 0.671094 0.359028 0.037500 0.084722
5 0.799609 0.535417 0.083594 0.084722
5 0.823828 0.635417 0.110156 0.090278
5 0.859375 0.852778 0.092188 0.288889
5 0.702344 0.860417 0.095312 0.251389
5 0.699609 0.602083 0.044531 0.173611
5 0.675391 0.447222 0.033594 0.047222
6 0.510547 0.288889 0.119531 0.291667
6 0.521094 0.797917 0.184375 0.390278
6 0.248437 0.320139 0.190625 0.359722
6 0.170312 0.794444 0.209375 0.386111
7 0.061328 0.257639 0.119531 0.262500
