5 0.771094 0.145139 0.107813 0.201389
5 0.921484 0.124306 0.086719 0.156944
5 0.799219 0.439583 0.110937 0.165278
5 0.842188 0.750694 0.154687 0.306944
5 0.985156 0.739583 0.029687 0.231944
5 0.498047 0.310417 0.060156 0.079167
5 0.489453 0.404861 0.067969 0.037500
5 0.487500 0.563194 0.076563 0.209722
5 0.473047 0.834722 0.075781 0.302778
5 0.626953 0.823611 0.100781 0.313889
5 0.627344 0.593056 0.092188 0.088889
5 0.613672 0.491667 0.074219 0.072222
6 0.271875 0.186806 0.167187 0.315278
6 0.236328 0.768750 0.166406 0.462500
6 0.115234 0.622222 0.035156 0.313889
6 0.033984 0.306944 0.064844 0.397222
6 0.033984 0.741667 0.063281 0.386111
