7 0.087500 0.274306 0.112500 0.270833
6 0.271094 0.329861 0.214062 0.365278
6 0.194531 0.797222 0.201562 0.386111
6 0.036328 0.807639 0.072656 0.320833
6 0.538672 0.293056 0.128906 0.288889
6 0.544531 0.784028 0.165625 0.398611
6 0.405078 0.659722 0.041406 0.305556
5 0.794141 0.447917 0.077344 0.056944
5 0.809375 0.543056 0.085938 0.088889
5 0.842578 0.643750 0.110156 0.090278
5 0.885547 0.852778 0.099219 0.286111
5 0.725391 0.854861 0.111719 0.270833
5 0.720312 0.596528 0.046875 0.220833
5 0.960938 0.245139 0.078125 0.151389
5 0.985937 0.472917 0.028125 0.159722
