5 0.845703 0.121528 0.108594 0.215278
5 0.688281 0.122917 0.132813 0.184722
5 0.940625 0.725694 0.110937 0.481944
5 0.821875 0.758333 0.053125 0.322222
5 0.692969 0.752778 0.154687 0.300000
5 0.689453 0.438889 0.141406 0.152778
5 0.440234 0.292361 0.078906 0.087500
5 0.529297 0.387500 0.092969 0.058333
5 0.511328 0.477778 0.100781 0.072222
5 0.387500 0.533333 0.092188 0.166667
5 0.502734 0.586111 0.108594 0.091667
5 0.472266 0.817361 0.116406 0.323611
5 0.324219 0.802083 0.073437 0.281944
6 0.161328 0.165278 0.132031 0.316667
6 0.084375 0.718056 0.156250 0.430556
6 0.242969 0.552083 0.046875 0.348611
6 0.308594 0.502778 0.032812 0.233333
