6 0.169531 0.154861 0.145313 0.293056
6 0.105078 0.721528 0.183594 0.451389
6 0.261719 0.547917 0.046875 0.365278
6 0.319922 0.463194 0.042969 0.159722
5 0.453125 0.264583 0.087500 0.101389
5 0.543750 0.356944 0.100000 0.061111
5 0.528906 0.457639 0.107813 0.051389
5 0.528125 0.561806 0.103125 0.068056
5 0.500391 0.820139 0.110156 0.348611
5 0.345313 0.797917 0.090625 0.306944
5 0.399609 0.496528 0.088281 0.173611
5 0.709375 0.112500 0.129688 0.202778
5 0.876172 0.090972 0.113281 0.156944
5 0.958594 0.675000 0.082813 0.444444
5 0.726563 0.722917 0.159375 0.337500
5 0.716406 0.400000 0.164063 0.177778
5 0.857422 0.724306 0.055469 0.331944
