5 0.928906 0.220833 0.121875 0.161111
5 0.970703 0.477778 0.058594 0.150000
5 0.989453 0.681944 0.021094 0.136111
5 0.749609 0.420139 0.075781 0.051389
5 0.760938 0.510417 0.082813 0.081944
5 0.786328 0.625000 0.108594 0.086111
5 0.819141 0.842361 0.091406 0.301389
5 0.660937 0.838889 0.100000 0.252778
5 0.653906 0.572917 0.057813 0.170833
5 0.637891 0.346528 0.041406 0.065278
6 0.471875 0.263889 0.132813 0.280556
6 0.471875 0.784028 0.164063 0.431944
6 0.343750 0.626389 0.034375 0.277778
6 0.187891 0.313194 0.192969 0.404167
6 0.105469 0.784722 0.203125 0.430556
6 0.261719 0.782639 0.040625 0.304167
