6 0.297266 0.203472 0.138281 0.340278
6 0.266797 0.765278 0.163281 0.433333
6 0.146094 0.631250 0.032812 0.273611
6 0.046094 0.269444 0.090625 0.408333
6 0.055078 0.737500 0.071094 0.350000
5 0.508203 0.319444 0.060156 0.097222
5 0.512500 0.414583 0.064062 0.048611
5 0.508594 0.570139 0.075000 0.193056
5 0.499219 0.845139 0.098438 0.309722
5 0.657031 0.826389 0.109375 0.297222
5 0.647656 0.601389 0.085938 0.086111
5 0.632031 0.496528 0.067188 0.068056
5 0.630469 0.406250 0.076563 0.059722
5 0.791016 0.162500 0.108594 0.208333
5 0.953516 0.155556 0.082031 0.191667
5 0.816797 0.452083 0.108594 0.187500
5 0.873828 0.750694 0.138281 0.279167
