6 0.171484 0.163889 0.147656 0.294444
6 0.116797 0.736806 0.188281 0.451389
6 0.283203 0.556944 0.036719 0.363889
6 0.332812 0.479861 0.040625 0.195833
5 0.453125 0.259028 0.071875 0.093056
5 0.555469 0.348611 0.090625 0.050000
5 0.542578 0.443056 0.102344 0.091667
5 0.542188 0.558333 0.120312 0.111111
5 0.526172 0.801389 0.113281 0.363889
5 0.367578 0.812500 0.091406 0.288889
5 0.412891 0.497917 0.086719 0.204167
5 0.430469 0.350694 0.081250 0.062500
5 0.712891 0.108333 0.141406 0.200000
5 0.885156 0.103472 0.095312 0.201389
5 0.723828 0.386111 0.147656 0.166667
5 0.755078 0.722917 0.167969 0.331944
5 0.970312 0.661806 0.051562 0.448611
5 0.884375 0.715278 0.056250 0.325000
